9.1528  13.8193  4.4943  6.1182  6.85  11.3835  4.5681  5.7137  
4.8559  9.3153  3.3597  5.106  5.65  8.9014  2.5917  2.72  
3.3892  6.2799  2.7642  4.153  4.9  8.3065  2.3004  2.4068  
4.093  7.8292  2.4953  3.3701  3.5  8.5229  2.3004  2.6889  
1.8607  5.0624  2.6127  2.9534  3.15  6.7189  1.3335  1.6583  
2.3528  5.2188  2.6285  3.2364  3.6  7.6617  2.6706  2.1311  
1.6959  4.5278  2.0468  2.7699  2.55  5.6992  1.271  1.4395  
3.2004  5.4703  2.6137  2.603  2.8  6.8875  2.1917  2.1833  
2.7429  4.9827  1.9301  2.2368  2.75  5.3835  1.5006  1.5234  
2.3059  4.2151  1.8291  1.9873  1.55  5.9182  1.5013  1.9932  
2.3702  5.0533  1.7631  1.8528  1  6.0172  1.7201  1.4233  
1.9483  3.2255  1.4625  1.4052  0.9  4.0995  1.0506  1.6083  
